00000000000000000000000000000000000000000000000000000000000000000000000000000000000000000000000000000000000000000000000000000000000000000000000000000000000000000000000000000000000000000000000000000000
00000000000000000000000000000000000000000000000000000000000000000000000000000000000000000000000000000000000000000000000000000000000000000000000000000000000000000000000000000000000000000000000000000000
00000000000000000000000000000000000000000000000000000000000000000000000000000000000000000000000000000000000000000000000000000000000000000000000000000000000000000000000000000000000000000000000000000000
00000000000000000000000000000000000000000000000000000000000000000000000000000000000000000000000000000000000000000000000000000000000000000000000000000000000000000000000000000000000000000000000000000000
00000000000000000000000000000000000000000000000000000000000000000000000000000000000000000000000000000000000000000000000000000000000000000000000000000000000000000000000000000000000000000000000000000000
00000000000000000000000000000000000000000000000000000000000000000000000000000000000000000000000000000000000000000000000000000000000000000000000000000000000000000000000000000000000000000000000000000000
00000000000000000000000000000000000000000000000000000000000000000000000000000000000000000000000000000000000000000000000000000000000000000000000000000000000000000000000000000000000000000000000000000000
00000000000000000000000000000000000000000000000000000000000000000000000000000000000000000000000000000000000000000000000000000000000000000000000000000000000000000000000000000000000000000000000000000000
00000000000000000000000000000000000000000000000000000000000000000000000000000000000000000000000000000000000000000000000000000000000000000000000000000000000000000000000000000000000000000000000000000000
00000000000000000000000000000000000000000000000000000000000000000000000000000000000000000000000000000000000000000000000000000000000000000000000000000000000000000000000000000000000000000000000000000000
00000000000000000000000000000000000000000000000000000000000000000000000000000000000000000000000000000000000000000000000000000000000000000000000000000000000000000000000000000000000000000000000000000000
00000000000000000000000000000000000000000000000000000000000000000000000000000000000000000000000000000000000000000000000000000000000000000000000000000000000000000000000000000000000000000000000000000000
00000000000000000000000000000000000000000000000000000000000000000000000000000000000000000000000000000000000000000000000000000000000000000000000000000000000000000000000000000000000000000000000000000000
00000000000000000000000000000000000000000000000000000000000000000000000000000000000000000000000000000000000000000000000000000000000000000000000000000000000000000000000000000000000000000000000000000000
00000000000000000000000000000000000000000000001100000000000000000000000000000000000000000000000000000000111000000000000000000000000000000000000000000000000000000000000000000000000000000000000000000000
00000000000000000000000000000000000000000000001111110000000000000000000000000000000000000000000000001111110000000000000000000000000000000000000000000000000000000000000000000000000000000000000000000000
00000000000000000000000000000000000000000000001111111110000000000000000000000000000000000000000000111111110000000000000000000000000000000000000000000000000000000000000000000000000000000000000000000000
00000000000000000000000000000000000000000000001111111111110000000000000000000000000000000000001111111111110000000000000000000000000000000000000000000000000000000000000000000000000000000000000000000000
00000000000000000000000000000000000000000000000111111111111100000000000000000000000000000000111111111111110000000000000000000000000000000000000000000000000000000000000000000000000000000000000000000000
00000000000000000000000000000000000000000000000111111111111111111111111111111111111111111111111111111111111100000000000000000000000000000000000000000000000000000000000000000000000000000000000000000000
00000000000000000000000000000000000000000000001111111111111111111100000000000000000000111111111111111111110000000000000000000000000000000000000000000000000000000000000000000000000000000000000000000000
00000000000000000000000000000000000000000000001111111111111111000000000000000000000000001111111111111111110000000000000000000000000000000000000000000000000000000000000000000000000000000000000000000000
00000000000000000000000000000000000000000000001111111111000000000000000000000000000000000011111111111111110000000000000000000000000000000000000000000000000000000000000000000000000000000000000000000000
00000000000000000000000000000000000000000000001111110000000000000000000000000000000000000000011111111111111100000000000000000000000000000000000000000000000000000000000000000000000000000000000000000000
00000000000000000000000000000000000000000000111100000000000000000000000000000000000000000000000111111111111100000000000000000000000000000000000000000000000000000000000000000000000000000000000000000000
00000000000000000000000000000000000000000001110000000000000000000000000000000000000000000000000011111111111111000000000000000000000000000000000000000000000000000000000000000000000000000000000000000000
00000000000000000000000000000000000000000011000000000000000000000000000000000000000000000000000000111111111111000000000000000000000000000000000000000000000000000000000000000000000000000000000000000000
00000000000000000000000000000000000000001111000000000000000000000011110000000000001111000000000000000011111111110000000000000000000000000000000000000000000000000000000000000000000000000000000000000000
00000000000000000000000000000000000000001100000000000000000000001111110000000000001111111100000000000000000000110000000000000000000000000000000000000000000000000000000000000000000000000000000000000000
00000000000000000000000000000000000000111100000000000000000011111111111000000000001111111111000000000000000000011100000000000000000000000000000000000000000000000000000000000000000000000000000000000000
00000000000000000000000000000000000000110000000000000000111111111111111100000000001111111111111100000000000000001100000000000000000000000011111111110000000000000000000000000000000000000000000000000000
00000000000000000000000000000000000001110000000000000011111111111111111100000000001111111111111111100000000000001111000000000000000000000000111111111111111000000000000000000000000000000000000000000000
00000000000000000000000000000000000011000000000000011111111111111111111100000000001111111111111111111100000000000011000000000000000000001111111111111111111111000000000000000000000000000000000000000000
00000000000000000000000000000000000011000000000011111111111111111111110000000000001111111111111111111111000000000011110000000000000000001111111111111111111111110000000000000000000000000000000000000000
00000000000000000000000000000000001111000000000011111100001111111111110000000000001111111111110000111111000000000000110000000000000000011111111111111111111111111100000000000000000000000000000000000000
00000000000000000000000000000000001100000000001111111100001100001111110000000000000011110000110000111111110000000000110000000000000000111111111111111111111111111100000000000000000000000000000000000000
00000000000000000000000000000000001111110000001111111111000000001111000000000111000011111100000011111111110000001111111100000000000000111111111111111111111111111111000000000000000000000000000000000000
00000000000000000000000000000000000001111100001111111111111111111100000000111000000000111111111111111111110000001111100000000000000000111111111111111111111111111111000000000000000000000000000000000000
00000000000000000000000000000000001111000000000011111111111111111100000000111110000000001111111111111111110000000011110000000000000000111111111111111111111111111111110000000000000000000000000000000000
00000000000000000000000000000000001111000000000011111111111111110000001100000000110000000111111111111111000000000011111100000000000000111111111111111111111111111111110000000000000000000000000000000000
00000000000000000000000000000000000000111100000000111111111111000000110000000000001100000011111111111110000000111111100000000000000011111111111111111111111111111111110000000000000000000000000000000000
00000000000000000000000000000000000000001111110000000011111100000000000000000000000011000000111111100000000011111000000000000000000011111111111111111111111111111111110000000000000000000000000000000000
00000000000000000000000000000000000000000000111100000000000000000000000000000000000000000000000000000000111110000000000000000000000011111111111111111111111111111111110000000000000000000000000000000000
00000000000000000000000000000000000000000000001111110000000000000000000000000000000000000000000000000011111000000000000000000000001111111111111111111111111111111111110000000000000000000000000000000000
00000000000000000000000000000000000000000000001111000000000000000000000000000000000000000000000000000011110000000000000000000000001111111111111111111111111111111111111000000000000000000000000000000000
00000000000000000000000000000000000000000000001100000000000000000000000000000000000000000000000000000000111100000000000000001111111111111111111111111111111111111111111000000000000000000000000000000000
00000000000000000000000000000000000000000000111000000000000000000000000000000000000000000000000000000000011110000000000000001111111111111111111111111111111111111111111000000000000000000000000000000000
00000000000000000000000000000000000000000001111100000000000000000000000000000000000000000000000000000000111111000000000000001111111111111111111111111111111111111111110000000000000000000000000000000000
00000000000000000000000000000000000000000000111100000000000000000000000000000000000000000000000000000000001110000000000000111111111111111111111111111111111111111111110000000000000000000000000000000000
00000000000000000000000000000000000000000000110000000000000000000000000000000000000000000011000000000000001111000000000000111111111111111111111111111111111111111111110000000000000000000000000000000000
00000000000000000000000000000000000000000001110000000000000000000000000000000000000000000001110000000000000111000000000011111111111111111111111111111111111111111111110000000000000000000000000000000000
00000000000000000000000000000000000000000011000000000000110011000000000000000000000000000000000000000000000011000000000011111111111111111111111111111111111111111111100000000000000000000000000000000000
00000000000000000000000000000000000000000011000000000000111100000000000000000000000000001100000000000000000011000000001111111111111111111111111111111111111111111111000000000000000000000000000000000000
00000000000000000000000000000000000000000011000000000000000000110000110000000000111100000000000000000000000011110000111111111111111111111111111111111111111111111111000000000000000000000000000000000000
00000000000000000000000000000000000000001111000000000000000000000011000000000000111100110000000000000000000000110011111111111111111111111111111111111111111111111111000000000000000000000000000000000000
00000000000000000000000000000000000000001111000000000000000000001111001100000011001111000000000000000000000000111111111111111111111111111111111111111111111111111111000000000000000000000000000000000000
00000000000000000000000000000000000000001111000000000000000000000011001100000011000000000000000000000000000000111111111111111111111111111111111111111111111111111110000000000000000000000000000000000000
00000000000000000000000000000000000000001111000000000000000000000011001100001100000000000000000000000000000000111111111111111111111111111111111111111111111111111100000000000000000000000000000000000000
00000000000000000000000000000000000000001111000000000000000000000000000000110000000000000000000000000000000000111111111111111111111111111111111111111111111111111000000000000000000000000000000000000000
00000000000000000000000000000000000000001111000000000000000000000000000011000000000000000000000000000000000000111111111111111111111111111111111111111111111111100000000000000000000000000000000000000000
00000000000000000000000000000000000000000111000000000000000000000000000000000000000000000000000000000000000000111111111111111111111111111111111111111111111110000000000000000000000000000000000000000000
00000000000000000000000000000000000000000011000000000000000000000000000000000000000000000000000000000000000011111111111111111111111111111111111111111111110000000000000000000000000000000000000000000000
00000000000000000000000000000000000000000011000000000000000000000000000000000000000000000000000000000000000011111111111111111111111111111111111111111111100000000000000000000000000000000000000000000000
00000000000000000000000000000000000000000011000000000000000000000000000000000000000000000000000000000000000011111111111111111111111111111111111111111111000000000000000000000000000000000000000000000000
00000000000000000000000000000000000000000011000000000000000000000000000000000000000000000000000000000000000011111111111111111111111111111111111111100000000000000000000000000000000000000000000000000000
00000000000000000000000000000000000000000011000000000000000000000000000000000000000000000000000000000000000011111111111111111111111111000000000000000000000000000000000000000000000000000000000000000000
00000000000000000000000000000000000000000011000000000000000000000000000000000000000000000000000000000000000011100111111111111111111000000000000000000000000000000000000000000000000000000000000000000000
00000000000000000000000000000000000000000011110000000000000000000000000000000000000000000000000000000000000011100000000000000000000000000000000000000000000000000000000000000000000000000000000000000000
00000000000000000000000000000000000000000000111111111111111111111111111111111111111111111111111111111111111110000000000000000000000000000000000000000000000000000000000000000000000000000000000000000000
00000000000000000000000000000000000000000000000000000000000000000000000000000000000000000000000000000000000000000000000000000000000000000000000000000000000000000000000000000000000000000000000000000000
00000000000000000000000000000000000000000000000000000000000000000000000000000000000000000000000000000000000000000000000000000000000000000000000000000000000000000000000000000000000000000000000000000000
00000000000000000000000000000000000000000000000000000000000000000000000000000000000000000000000000000000000000000000000000000000000000000000000000000000000000000000000000000000000000000000000000000000
00000000000000000000000000000000000000000000000000000000000000000000000000000000000000000000000000000000000000000000000000000000000000000000000000000000000000000000000000000000000000000000000000000000
00000000000000000000000000000000000000000000000000000000000000000000000000000000000000000000000000000000000000000000000000000000000000000000000000000000000000000000000000000000000000000000000000000000
00000000000000000000000000000000000000000000000000000000000000000000000000000000000000000000000000000000000000000000000000000000000000000000000000000000000000000000000000000000000000000000000000000000
00000000000000000000000000000000000000000000000000000000000000000000000000000000000000000000000000000000000000000000000000000000000000000000000000000000000000000000000000000000000000000000000000000000
00000000000000000000000000000000000000000000000000000000000000000000000000000000000000000000000000000000000000000000000000000000000000000000000000000000000000000000000000000000000000000000000000000000
00000000000000000000000000000000000000000000000000000000000000000000000000000000000000000000000000000000000000000000000000000000000000000000000000000000000000000000000000000000000000000000000000000000
00000000000000000000000000000000000000000000000000000000000000000000000000000000000000000000000000000000000000000000000000000000000000000000000000000000000000000000000000000000000000000000000000000000
00000000000000000000000000000000000000000000000000000000000000000000000000000000000000000000000000000000000000000000000000000000000000000000000000000000000000000000000000000000000000000000000000000000
00000000000000000000000000000000000000000000000000000000000000000000000000000000000000000000000000000000000000000000000000000000000000000000000000000000000000000000000000000000000000000000000000000000
00000000000000000000000000000000000000000000000000000000000000000000000000000000000000000000000000000000000000000000000000000000000000000000000000000000000000000000000000000000000000000000000000000000
00000000000000000000000000000000000000000000000000000000000000000000000000000000000000000000000000000000000000000000000000000000000000000000000000000000000000000000000001000000000000000000011010011111
